1
0
0
0
0
0
0
0
0
0
0
0
0
0
0
0
0
0
0
0
0
0
0
0
0
0
0
0
0
0
0
0
0
0
0
0
0
0
0
0
0
0
0
0
0
0
0
0
0
0
0
0
0
0
0
0
0
0
0
0
0
0
0
0
0
0
0
0
0
0
0
0
0
0
0
0
0
0
0
0
0
0
0
0
0
0
0
0
0
0
0
0
0
0
0
0
0
0
0
0
1
1
1
1
1
1
1
1
1
1
1
1
1
1
1
1
1
1
1
1
1
1
1
1
1
1
1
1
1
1
1
1
1
1
1
1
1
1
1
1
1
1
1
1
1
1
1
1
1
1
1
1
1
1
1
1
1
1
1
1
1
1
1
1
1
1
1
1
1
1
1
1
1
1
1
1
1
1
1
1
1
1
1
1
1
1
1
1
1
1
1
1
1
1
1
1
1
1
1
1
1
2
4
8
7
5
10
11
13
8
7
14
19
20
22
26
25
14
19
29
31
26
25
41
37
29
40
35
43
41
37
47
58
62
61
59
64
56
67
71
61
50
46
56
58
62
70
68
73
65
76
80
79
77
82
92
85
80
70
77
82
74
85
89
88
86
109
110
103
89
70
86
109
110
130
125
106
104
100
110
112
107
124
122
118
128
112
107
115
113
118
146
139
125
151
140
127
137
112
107
1
3
9
9
9
9
18
18
18
27
27
27
18
27
45
36
27
27
45
36
45
27
45
54
54
63
63
81
72
72
63
81
63
72
99
81
81
90
90
81
90
99
90
108
90
99
108
126
117
108
144
117
117
135
108
90
90
108
126
117
99
135
153
153
144
135
117
162
153
153
144
180
162
153
171
180
153
162
153
189
153
189
198
198
162
162
171
189
198
189
216
171
171
198
198
180
198
216
225
207
1
4
7
10
13
7
19
22
25
19
31
25
37
40
43
37
58
61
64
67
61
46
58
70
73
76
79
82
85
70
82
85
88
109
103
70
109
130
106
100
112
124
118
112
115
118
139
151
127
112
115
118
121
142
145
121
160
145
166
169
172
148
178
172
166
196
181
184
178
190
202
214
172
193
223
235
238
214
217
211
205
199
229
250
190
238
259
244
256
268
244
247
277
289
265
259
253
256
241
262
1
5
7
8
13
11
19
23
25
26
40
38
28
23
34
44
58
56
64
59
61
62
67
74
82
77
79
89
85
83
91
104
106
89
103
92
109
104
124
134
130
137
145
149
151
116
112
128
145
158
151
152
130
119
127
167
196
215
211
191
199
194
187
170
166
164
181
185
196
197
193
200
217
221
241
269
247
245
226
221
250
233
247
290
280
257
268
278
274
272
316
311
286
296
319
317
325
293
268
269
1
6
9
9
18
27
27
36
36
36
36
45
45
36
54
63
54
72
72
63
72
81
63
72
90
90
99
99
90
135
117
99
126
126
135
135
126
135
135
162
171
126
153
153
153
162
180
162
153
162
171
216
171
216
171
162
162
198
171
225
243
207
225
225
252
270
225
234
207
243
252
279
270
252
279
288
279
306
270
288
279
288
306
333
279
270
279
288
279
315
360
342
360
306
333
324
342
288
360
342
1
7
13
10
7
22
28
25
31
28
43
49
37
52
58
64
52
58
73
79
76
82
97
85
73
97
112
91
133
121
118
115
103
127
142
157
136
115
130
136
142
148
136
169
175
163
187
175
136
178
184
217
196
220
217
214
211
181
241
211
199
205
256
208
232
247
262
268
202
244
259
265
271
277
292
262
277
319
298
322
265
271
313
292
307
295
364
325
277
364
298
322
310
361
376
364
370
376
355
370
1
8
10
8
19
26
19
26
37
35
37
62
64
71
46
62
73
80
82
80
82
89
109
89
109
125
100
107
118
107
118
125
127
107
118
125
145
143
145
152
172
170
172
188
181
170
190
215
172
215
235
233
217
215
199
251
190
242
244
251
244
278
289
242
253
242
262
269
253
296
280
323
289
296
334
287
316
323
325
341
361
323
334
305
307
377
352
323
307
386
361
359
361
350
415
359
379
404
379
368
1
9
9
18
18
27
18
45
27
45
45
45
54
63
72
63
63
99
81
90
90
90
90
108
117
144
117
108
90
126
99
153
144
117
153
144
162
171
153
153
153
198
162
171
198
216
171
198
198
225
153
252
216
234
207
216
270
243
234
279
234
306
279
234
279
297
288
297
288
306
306
306
315
351
306
333
333
360
324
333
297
342
378
387
360
342
342
387
378
378
360
360
414
351
405
396
360
459
387
414
1
1
1
1
1
1
1
1
1
1
1
1
1
1
1
1
1
1
1
1
1
1
1
1
1
1
1
1
1
1
1
1
1
1
1
1
1
1
1
1
1
1
1
1
1
1
1
1
1
1
1
1
1
1
1
1
1
1
1
1
1
1
1
1
1
1
1
1
1
1
1
1
1
1
1
1
1
1
1
1
1
1
1
1
1
1
1
1
1
1
1
1
1
1
1
1
1
1
1
1
1
2
4
8
16
14
28
38
40
53
43
41
55
47
76
71
88
86
82
83
94
71
97
95
118
101
112
125
124
140
145
137
139
143
178
140
172
200
184
188
205
203
190
164
175
215
196
248
190
218
265
251
223
230
253
236
247
251
277
257
298
299
283
251
304
338
325
326
373
359
367
338
325
308
355
359
349
374
361
362
409
359
403
329
397
407
454
440
466
410
370
353
445
431
466
419
424
398
499
467
1
3
9
18
18
27
45
36
54
45
45
54
54
63
81
72
90
72
81
117
108
90
99
99
117
117
135
153
135
135
153
180
153
117
117
180
171
171
189
198
216
198
225
225
216
198
225
234
252
234
216
234
279
243
288
270
306
261
252
333
306
288
306
324
288
315
360
342
405
333
333
360
324
369
342
378
369
351
360
378
315
369
405
396
432
477
414
450
468
405
477
477
477
477
450
477
468
468
486
459
1
4
16
19
22
25
37
40
34
46
67
52
55
58
97
73
85
88
91
85
115
91
121
106
109
121
133
118
121
133
163
184
169
181
193
169
172
175
178
199
193
214
226
238
169
190
247
241
208
247
232
253
292
241
316
292
268
271
301
286
298
337
304
325
301
358
325
328
358
343
346
331
361
382
385
397
373
403
451
400
331
397
391
457
460
454
448
442
409
457
496
508
421
514
481
493
424
472
529
532
1
5
16
17
22
29
37
23
52
44
67
65
73
68
52
80
85
83
100
122
106
116
130
137
118
140
124
152
166
173
136
158
178
179
202
128
199
176
187
206
220
227
244
230
232
224
256
272
253
275
268
278
301
272
298
257
304
287
310
326
298
338
322
332
310
326
325
374
349
359
445
380
343
392
385
386
409
389
397
437
412
422
373
407
460
446
439
413
454
461
442
482
448
548
535
497
487
509
475
503
1
6
9
18
18
36
27
45
45
54
54
81
72
81
72
99
90
99
90
90
108
135
126
108
117
135
126
162
162
171
162
171
171
198
207
189
198
207
216
225
180
225
225
225
225
234
234
279
252
261
243
234
288
270
288
297
315
315
342
342
306
333
306
351
306
279
342
324
387
378
387
387
414
387
396
468
396
405
405
387
387
441
441
432
459
486
441
441
414
450
441
486
495
522
522
504
477
486
558
477
1
7
13
19
25
31
37
43
58
64
61
58
73
79
85
82
88
103
109
106
112
118
115
139
127
115
121
145
160
166
172
178
166
181
178
202
172
223
238
217
205
229
190
259
256
244
277
265
253
241
256
253
277
283
289
349
292
316
322
337
361
322
310
307
376
328
307
385
373
361
376
355
379
394
391
424
394
427
433
439
400
424
457
472
469
475
535
442
475
508
532
484
472
478
484
508
487
538
517
541
1
8
19
17
19
35
37
35
55
71
55
62
64
80
91
80
109
98
91
98
82
116
136
143
109
152
163
152
145
152
172
170
172
170
208
215
199
197
226
233
217
206
271
224
244
242
253
287
244
305
271
269
298
305
325
314
307
350
307
332
334
296
352
359
334
350
334
314
388
404
433
386
379
377
424
431
424
422
451
440
442
449
469
422
442
458
460
566
469
521
442
512
496
467
487
503
487
521
577
557
1
9
9
18
27
45
18
18
45
63
54
54
63
81
72
90
90
117
108
108
117
135
108
126
153
144
171
153
144
171
189
162
198
216
189
207
234
234
189
216
207
261
252
225
243
270
243
288
315
279
270
261
324
306
288
306
333
333
297
369
351
351
297
405
387
360
405
414
396
378
414
396
450
396
450
450
468
405
432
441
441
414
459
441
486
495
513
504
558
459
477
540
540
513
558
558
513
576
504
594
1
10
10
28
10
37
37
55
46
73
46
73
55
73
91
100
91
118
82
127
136
127
127
145
163
163
163
127
154
145
163
199
199
226
172
208
163
199
226
199
181
208
217
235
271
262
244
226
262
307
244
235
325
280
298
334
316
352
352
334
325
388
325
370
370
379
415
397
415
379
397
352
379
424
388
406
478
442
496
496
433
523
487
505
478
460
469
505
478
487
469
532
496
523
568
568
514
595
604
541
1
2
4
8
7
5
10
11
13
8
7
14
19
20
22
26
25
14
19
29
31
26
25
41
37
29
40
35
43
41
37
47
58
62
61
59
64
56
67
71
61
50
46
56
58
62
70
68
73
65
76
80
79
77
82
92
85
80
70
77
82
74
85
89
88
86
109
110
103
89
70
86
109
110
130
125
106
104
100
110
112
107
124
122
118
128
112
107
115
113
118
146
139
125
151
140
127
137
112
107
1
3
9
18
27
18
36
36
54
54
72
45
72
81
81
81
90
99
126
99
126
117
117
153
135
126
144
126
162
144
135
180
180
189
180
225
198
225
261
261
243
225
216
252
234
261
279
225
279
297
279
288
270
279
315
288
324
342
369
351
396
396
369
414
369
360
351
441
432
432
414
441
423
450
477
441
522
468
450
477
441
459
459
486
504
531
531
522
549
486
504
576
513
540
558
540
540
594
612
603
1
4
16
19
22
25
37
58
61
55
67
52
55
76
70
82
85
106
118
112
133
136
148
115
145
139
196
181
202
169
181
202
169
217
193
187
199
211
241
253
238
250
262
247
268
262
265
232
307
274
277
334
292
304
343
328
331
298
328
349
397
355
394
397
391
385
433
427
385
388
436
475
487
445
439
505
472
484
442
490
565
496
445
511
505
499
502
505
517
538
577
598
610
523
580
592
559
562
664
613
1
5
16
17
31
29
46
41
52
44
49
83
46
77
97
89
103
92
109
122
115
152
148
146
154
167
178
179
202
173
199
203
169
215
211
227
199
212
241
242
238
272
253
284
250
278
274
254
289
266
286
341
346
335
343
392
331
305
373
326
316
320
376
413
409
362
451
410
448
440
409
452
460
455
466
494
472
425
496
473
484
575
526
569
550
545
502
539
499
560
568
590
547
530
571
596
586
563
565
611
1
6
18
18
27
36
36
45
36
45
63
54
72
99
81
90
108
126
135
108
126
144
117
135
153
171
180
171
153
153
216
171
225
225
225
216
252
225
216
216
234
315
297
270
279
270
333
315
315
297
315
315
333
324
324
369
396
324
351
360
414
396
360
405
405
396
396
459
414
387
396
468
477
432
423
432
477
513
531
468
495
495
504
477
567
504
540
522
576
585
594
540
585
612
576
594
594
666
585
612
1
7
13
19
25
40
28
34
58
64
61
67
82
79
85
91
106
103
109
124
130
145
151
112
145
151
130
127
196
211
199
187
166
181
196
193
217
241
247
226
250
247
280
268
274
316
286
319
325
268
283
298
295
364
334
349
409
406
322
346
334
376
382
415
430
427
406
439
409
451
403
463
460
457
463
451
466
508
541
484
535
514
520
553
532
529
544
532
583
571
586
538
580
568
628
571
595
655
643
658
1
8
19
26
37
35
46
35
55
71
64
89
91
80
100
107
127
98
109
125
136
134
145
125
181
197
154
161
181
224
190
179
190
233
208
215
199
251
262
233
262
269
253
323
280
287
307
350
307
296
352
332
361
323
361
332
451
395
406
359
379
404
397
395
433
422
451
395
505
467
469
422
424
449
478
467
433
530
460
503
442
530
478
530
523
593
550
548
595
584
613
620
595
620
595
575
586
638
658
692
1
9
18
27
18
36
45
27
54
81
63
72
81
81
90
99
117
117
108
108
99
153
117
153
162
180
153
189
162
189
216
198
198
207
252
225
207
234
243
261
234
315
234
288
288
288
306
315
315
270
333
351
324
333
342
369
360
351
387
396
360
387
351
405
360
414
414
441
450
450
450
477
432
468
468
450
495
531
540
540
477
549
549
540
540
513
612
585
567
531
576
585
603
639
630
585
720
639
675
585
1
10
19
19
28
28
37
46
64
64
82
82
64
82
91
100
136
145
109
100
127
109
163
136
154
190
172
190
163
190
199
199
208
181
199
217
244
226
244
271
289
271
280
262
280
262
316
307
307
316
316
316
361
334
361
316
388
379
334
415
424
424
406
415
433
460
460
451
442
433
442
433
442
451
496
442
487
577
496
496
550
541
550
460
496
559
595
613
496
586
559
577
595
595
595
550
685
613
658
649
1
11
13
26
25
23
37
56
40
71
34
68
73
83
112
125
106
104
82
155
139
134
142
167
154
146
157
188
160
167
190
236
220
206
232
212
226
245
220
242
277
266
271
281
247
305
286
320
352
290
328
278
367
365
415
398
364
359
385
428
379
416
391
395
412
374
370
452
445
467
439
401
451
551
499
494
511
509
532
524
553
530
547
563
622
506
571
620
601
608
577
587
571
620
610
653
640
578
652
638
1
3
9
9
9
9
18
18
18
27
27
27
18
27
45
36
27
27
45
36
45
27
45
54
54
63
63
81
72
72
63
81
63
72
99
81
81
90
90
81
90
99
90
108
90
99
108
126
117
108
144
117
117
135
108
90
90
108
126
117
99
135
153
153
144
135
117
162
153
153
144
180
162
153
171
180
153
162
153
189
153
189
198
198
162
162
171
189
198
189
216
171
171
198
198
180
198
216
225
207
1
4
16
28
22
34
46
31
52
55
76
79
109
85
88
118
103
106
127
130
115
118
139
124
145
193
196
190
166
214
199
184
223
235
256
259
280
247
232
235
220
313
262
238
313
262
292
322
325
355
322
361
346
367
325
346
403
397
382
385
379
373
421
397
418
412
433
409
448
451
481
457
514
508
529
523
544
574
460
553
538
496
535
538
631
607
565
550
580
637
640
607
628
640
652
637
649
697
646
658
1
5
7
26
31
29
37
59
61
62
76
92
82
86
70
125
112
128
118
140
115
125
121
164
172
167
196
170
202
173
235
221
205
251
238
281
244
302
259
242
256
263
280
311
349
287
355
317
361
338
286
377
328
362
361
356
376
359
409
398
424
383
430
422
400
443
406
473
475
521
490
524
532
509
439
512
508
524
523
500
547
557
526
596
550
608
574
629
625
596
559
644
646
584
706
731
658
617
682
665
1
6
18
27
27
36
54
54
45
54
81
63
108
81
90
126
126
117
108
162
135
144
153
189
144
162
180
225
216
207
234
189
207
207
252
252
252
243
243
261
261
261
324
288
333
279
315
297
351
378
360
333
351
342
387
405
378
369
414
369
405
414
423
450
450
450
468
477
441
504
468
459
522
450
495
504
531
531
549
540
540
558
549
567
522
594
603
594
567
612
639
540
612
603
603
603
675
666
657
720
1
7
13
19
25
31
37
34
76
73
79
76
73
79
85
118
124
112
100
115
130
181
151
130
181
151
166
172
196
220
217
214
184
244
214
238
226
232
247
271
268
265
280
295
310
334
295
301
325
340
355
370
394
400
379
358
400
433
448
373
433
394
400
406
412
445
478
448
499
469
502
463
487
457
454
505
520
499
541
538
571
550
646
562
577
556
580
586
601
589
613
583
679
694
646
625
631
709
679
703
1
8
10
26
19
35
46
62
55
80
73
89
73
98
100
134
118
134
118
134
136
161
163
143
127
170
208
170
181
206
208
233
208
179
172
260
262
251
235
287
262
296
289
287
298
269
289
350
343
350
361
377
343
377
379
413
361
395
451
449
433
413
415
413
469
458
406
449
451
422
406
512
487
458
541
521
478
521
568
539
604
584
541
620
559
593
613
602
604
602
604
602
658
674
658
683
595
647
694
683
1
9
18
27
36
36
45
54
54
72
72
63
90
99
90
117
126
135
126
135
171
153
153
180
153
171
171
171
162
171
243
225
252
225
207
252
270
279
279
270
279
306
279
279
279
360
360
333
342
360
342
360
378
396
405
378
333
414
387
414
432
432
414
423
414
468
441
495
486
441
486
522
459
558
531
522
522
549
513
585
585
576
612
603
549
540
567
513
567
594
639
603
603
657
711
657
720
666
630
630
1
10
19
19
28
46
46
55
55
82
82
82
73
82
109
109
91
118
127
145
145
163
154
154
145
127
226
190
217
199
181
208
208
244
226
253
244
271
298
298
253
244
253
307
298
343
325
325
370
307
343
334
352
388
370
388
379
370
433
370
415
424
451
487
469
442
433
514
469
523
532
478
496
460
577
469
523
550
514
559
586
568
604
568
595
667
559
595
640
640
640
595
712
685
676
667
694
757
658
739
1
11
13
26
25
41
37
47
67
53
79
59
109
92
112
107
115
122
109
119
139
143
151
167
172
182
238
188
205
212
208
173
229
260
232
212
244
263
265
260
268
284
271
290
310
296
322
356
307
362
382
386
394
428
397
389
409
377
421
383
424
470
463
458
439
419
487
497
517
467
511
491
496
452
589
575
565
572
550
569
535
575
628
599
559
632
589
647
664
653
613
677
616
674
628
635
685
704
679
683
1
12
9
27
18
36
45
45
45
72
54
81
81
117
90
117
90
108
99
153
117
153
153
162
180
207
171
198
225
225
216
225
234
234
243
297
270
270
252
306
261
270
279
279
324
360
315
306
333
369
378
351
369
315
441
396
414
387
405
423
396
459
405
432
504
450
432
477
504
486
459
540
486
477
522
495
558
540
540
549
531
576
540
549
612
648
630
666
603
639
666
621
612
675
621
657
711
675
792
684
1
4
7
10
13
7
19
22
25
19
31
25
37
40
43
37
58
61
64
67
61
46
58
70
73
76
79
82
85
70
82
85
88
109
103
70
109
130
106
100
112
124
118
112
115
118
139
151
127
112
115
118
121
142
145
121
160
145
166
169
172
148
178
172
166
196
181
184
178
190
202
214
172
193
223
235
238
214
217
211
205
199
229
250
190
238
259
244
256
268
244
247
277
289
265
259
253
256
241
262
1
5
16
26
31
29
28
59
61
71
49
65
73
59
106
116
103
101
136
131
142
152
148
155
154
194
187
215
193
236
217
203
223
260
238
218
262
257
277
314
274
308
352
284
322
323
346
299
343
383
367
431
391
344
406
365
403
440
427
461
442
419
457
422
436
461
433
527
511
449
517
515
577
536
574
584
508
542
577
581
619
602
589
560
658
626
574
620
616
569
676
635
682
683
661
677
712
779
700
692
1
6
18
27
27
27
45
45
72
72
72
72
99
99
99
90
144
126
135
153
180
153
144
171
198
180
171
198
207
225
234
189
252
207
243
270
270
270
279
261
288
306
315
351
324
315
351
342
360
351
360
378
405
396
351
387
405
378
441
396
441
441
468
495
468
477
468
495
531
549
504
486
513
513
504
549
540
603
594
603
630
540
603
630
648
648
603
693
729
657
693
720
711
693
675
720
693
666
738
729
1
7
22
28
25
31
37
43
49
64
61
85
100
88
112
118
88
112
136
142
148
118
169
175
199
169
202
199
187
256
208
214
229
235
259
283
235
286
292
298
277
301
316
313
355
298
385
373
379
385
373
361
367
391
406
403
436
451
421
418
451
466
436
451
430
481
469
475
517
478
529
553
505
538
508
541
556
616
595
628
598
604
628
589
649
646
607
631
610
670
676
610
598
703
673
706
667
727
733
784
1
8
19
26
37
35
46
62
46
62
82
98
109
107
109
116
118
134
109
152
163
143
154
152
181
179
199
224
208
206
217
224
253
260
262
251
280
287
307
278
280
314
271
323
325
305
298
341
361
359
388
413
379
386
406
404
442
485
460
440
442
440
433
485
460
521
487
512
478
530
505
530
523
584
568
575
559
548
631
620
586
602
631
620
613
656
658
701
658
656
667
620
604
674
649
683
721
791
739
692
1
9
9
18
18
36
45
54
54
72
63
54
90
99
117
117
126
135
144
144
144
162
189
144
162
189
171
171
225
225
234
261
270
252
261
234
243
243
306
324
279
288
297
279
324
306
315
333
396
369
396
360
387
387
378
432
387
414
468
423
432
513
486
396
432
477
477
450
468
486
504
549
531
513
585
558
513
531
576
585
558
531
684
567
603
630
630
729
639
666
711
630
702
684
684
711
774
747
720
711
1
10
10
28
37
46
64
55
46
64
82
82
91
100
109
109
118
127
145
163
181
181
181
181
190
235
235
208
217
244
262
208
217
226
244
244
244
253
280
307
334
289
352
325
325
316
352
361
388
406
379
415
424
406
424
433
415
460
415
451
424
478
487
514
478
433
523
496
487
532
532
568
469
532
532
505
586
631
577
568
640
685
604
577
595
649
649
721
649
694
676
649
730
748
703
685
712
730
712
775
1
11
13
17
43
32
46
38
58
53
70
59
91
101
130
98
124
140
118
164
139
143
160
158
181
200
220
179
232
239
226
236
229
260
223
284
271
263
292
296
268
302
343
290
346
332
358
374
334
371
373
368
367
437
424
416
454
395
430
428
451
443
445
530
520
455
496
533
517
476
520
572
559
560
535
593
538
581
604
560
616
557
610
581
667
659
670
602
691
716
685
677
715
701
763
743
712
731
697
755
1
12
9
18
27
45
36
54
63
72
63
54
108
90
117
108
126
135
126
153
180
144
162
180
153
198
198
225
243
234
252
243
261
261
261
279
261
297
306
297
324
333
297
315
297
306
297
360
333
342
342
378
432
405
414
423
450
414
432
486
450
423
540
486
459
477
504
513
540
504
576
522
504
513
558
531
594
585
621
621
585
630
603
657
621
603
612
639
702
657
630
657
720
675
693
693
711
801
738
666
1
13
7
28
31
43
37
58
52
73
76
97
73
112
133
118
103
142
136
130
142
136
175
187
136
184
196
217
211
241
199
256
232
262
202
259
271
292
277
298
265
313
307
364
277
298
310
376
370
355
367
397
409
412
370
418
394
460
427
457
460
490
502
469
517
493
532
472
457
487
508
547
559
517
583
595
589
565
550
553
655
523
634
655
658
625
628
649
670
628
586
706
637
748
733
691
757
742
745
730
1
5
7
8
13
11
19
23
25
26
40
38
28
23
34
44
58
56
64
59
61
62
67
74
82
77
79
89
85
83
91
104
106
89
103
92
109
104
124
134
130
137
145
149
151
116
112
128
145
158
151
152
130
119
127
167
196
215
211
191
199
194
187
170
166
164
181
185
196
197
193
200
217
221
241
269
247
245
226
221
250
233
247
290
280
257
268
278
274
272
316
311
286
296
319
317
325
293
268
269
1
6
9
18
27
27
54
63
63
54
54
63
81
108
99
99
117
117
126
180
126
135
153
171
189
198
180
216
225
216
225
216
234
279
234
243
261
297
279
306
315
288
324
333
342
351
369
306
333
405
387
414
423
432
441
396
441
432
414
450
459
459
414
477
459
504
477
558
504
567
576
531
549
585
549
585
612
567
612
567
585
630
693
639
666
576
630
684
657
711
675
675
756
756
729
720
738
720
846
738
1
7
13
19
25
22
55
43
67
82
70
94
100
70
103
109
151
148
163
151
148
154
142
193
208
214
211
217
214
202
217
241
256
271
286
274
280
295
274
289
295
328
334
367
346
325
349
355
379
358
337
379
412
436
379
457
418
469
475
499
424
484
517
541
466
472
568
511
580
523
529
526
613
565
598
676
610
607
658
574
598
613
646
661
676
664
607
712
691
670
694
709
733
694
718
760
703
781
760
757
1
8
19
35
37
44
37
53
55
71
82
98
91
107
127
125
127
116
163
152
172
179
163
170
163
197
208
233
217
215
262
260
262
233
271
323
271
296
307
314
307
287
298
332
316
350
370
395
379
350
397
395
406
350
433
458
397
440
469
431
451
476
505
467
514
458
523
476
514
566
460
494
559
620
559
584
640
584
622
638
676
638
631
611
613
665
694
737
694
647
694
746
721
683
766
764
802
791
775
818
1
9
18
27
27
36
54
63
54
54
72
63
108
99
117
135
126
144
135
144
162
162
189
180
207
171
189
216
207
270
252
234
243
288
306
261
297
306
315
288
324
333
297
288
342
360
351
378
360
387
378
360
414
423
378
468
441
513
405
450
468
432
504
477
477
477
549
522
513
540
540
585
603
531
576
531
648
675
648
612
684
558
621
630
630
639
684
711
684
666
639
738
729
747
648
765
684
720
756
756
1
10
10
28
28
37
46
46
73
82
64
82
82
100
100
136
109
163
109
145
163
190
190
145
199
199
208
226
226
235
190
253
244
289
280
289
298
298
298
289
280
325
307
289
316
370
370
370
370
433
379
397
397
469
451
442
469
469
460
451
478
478
496
496
505
532
496
496
505
541
568
532
577
658
613
577
586
658
604
685
631
613
577
622
577
667
676
631
703
730
730
712
793
739
775
703
676
712
775
802
1
11
13
26
43
41
55
65
58
80
70
104
82
92
139
134
124
131
145
173
157
188
196
203
181
200
229
215
223
239
217
227
274
269
286
302
298
272
319
314
322
338
361
335
355
323
358
410
352
416
409
431
412
410
379
443
391
404
448
428
451
497
490
521
466
554
442
524
517
557
574
545
514
605
553
530
610
635
694
668
616
656
673
671
649
686
679
692
709
752
676
686
670
755
718
806
766
812
760
791
1
12
18
27
18
36
54
72
36
72
72
90
90
99
108
126
99
135
153
153
135
180
180
207
180
207
216
198
207
198
207
243
270
270
252
288
261
288
342
315
270
342
351
396
306
360
387
333
378
315
342
387
414
450
423
423
441
450
477
495
441
513
486
549
477
513
531
540
504
504
513
540
639
567
540
558
603
585
612
612
603
702
666
648
666
702
666
747
693
711
657
738
729
657
648
756
801
729
774
828
1
13
16
19
31
52
55
58
52
91
76
88
82
103
115
118
121
133
118
157
151
136
175
187
154
184
160
244
202
232
244
283
268
271
256
304
253
265
313
316
355
367
352
301
394
370
319
385
379
382
457
424
418
412
433
454
448
451
472
448
478
553
493
487
454
502
505
544
583
595
598
601
604
589
619
586
562
673
631
589
691
685
634
655
694
652
682
667
724
682
811
733
736
721
778
727
766
760
763
865
1
14
16
26
22
47
37
68
52
98
49
101
109
113
115
143
112
128
145
185
151
170
175
200
190
203
196
197
247
227
208
266
295
296
265
299
316
320
295
314
319
317
307
347
349
413
373
362
361
401
412
395
436
425
397
437
457
467
418
470
469
500
511
530
481
506
577
518
565
557
571
515
595
563
556
611
562
641
586
644
565
710
688
668
658
716
691
665
670
713
694
770
718
782
742
812
712
779
826
809
1
6
9
9
18
27
27
36
36
36
36
45
45
36
54
63
54
72
72
63
72
81
63
72
90
90
99
99
90
135
117
99
126
126
135
135
126
135
135
162
171
126
153
153
153
162
180
162
153
162
171
216
171
216
171
162
162
198
171
225
243
207
225
225
252
270
225
234
207
243
252
279
270
252
279
288
279
306
270
288
279
288
306
333
279
270
279
288
279
315
360
342
360
306
333
324
342
288
360
342
1
7
13
28
34
40
37
43
67
64
70
85
109
106
103
109
142
130
145
151
175
136
160
202
181
223
166
199
250
229
244
232
220
280
268
274
271
313
328
325
322
355
343
367
364
325
358
355
397
340
391
424
403
436
451
475
481
487
439
445
451
484
490
523
538
526
523
493
571
523
547
553
514
511
634
631
628
616
559
610
634
613
682
670
667
718
715
748
709
679
811
709
724
748
718
751
784
745
796
766
1
8
19
26
37
35
46
44
64
71
91
98
109
116
109
152
109
143
127
152
154
161
163
197
199
197
199
224
235
233
253
251
262
287
271
287
289
278
316
305
316
341
343
287
325
350
370
377
370
413
424
431
397
413
406
413
487
485
460
494
487
485
451
503
577
521
568
575
541
512
559
593
586
566
613
611
622
611
658
638
649
638
712
647
694
701
685
710
766
746
748
773
685
719
766
728
793
791
775
791
1
9
27
18
36
45
36
72
63
72
99
90
126
117
135
126
117
144
135
153
180
144
189
189
180
198
216
243
216
225
225
216
270
216
261
279
297
315
261
297
342
342
360
378
333
351
396
414
414
351
369
414
414
414
477
468
450
504
432
477
459
459
450
495
540
477
567
594
567
486
594
666
585
639
657
630
639
612
558
612
657
666
639
684
720
738
648
648
702
693
657
693
684
774
792
819
756
756
828
729
1
10
19
19
37
37
64
46
73
82
82
109
109
100
118
118
127
118
145
145
172
172
181
190
172
235
217
199
190
244
244
289
253
262
253
280
289
334
316
325
361
334
307
352
307
361
361
415
379
379
424
370
433
424
424
406
469
523
442
505
532
505
478
496
487
523
541
550
541
559
550
613
586
568
613
559
622
586
613
703
658
649
667
613
649
667
748
703
721
775
730
730
694
676
757
811
676
802
757
892
1
11
13
26
34
32
55
56
67
71
79
95
91
110
112
134
106
158
154
164
166
197
196
203
190
218
229
215
241
239
253
254
256
287
322
257
289
317
292
332
340
293
343
326
373
377
340
392
370
371
418
413
430
419
442
461
445
458
457
428
523
479
562
557
511
572
532
533
616
557
538
572
541
632
580
584
646
671
604
668
670
656
655
671
676
749
679
737
736
761
730
749
751
791
790
815
793
821
805
764
1
12
18
36
45
36
45
45
63
81
99
45
90
108
144
135
126
135
162
171
153
153
180
180
225
198
189
243
270
216
270
189
270
297
324
279
315
360
351
306
342
333
324
387
387
378
405
378
414
387
405
387
396
432
450
414
423
432
459
468
522
495
495
540
486
576
531
558
603
540
612
531
594
540
585
549
621
639
657
639
702
693
684
657
720
693
783
675
675
756
693
792
747
765
819
819
756
819
783
747
1
13
25
19
13
25
55
40
70
82
85
70
100
103
124
100
148
133
136
166
169
145
202
205
208
184
214
199
256
232
244
247
259
298
256
259
280
283
304
280
319
340
406
364
322
370
400
349
406
364
430
469
400
430
406
454
421
451
508
520
523
553
511
496
544
565
568
526
538
622
544
583
586
580
592
622
616
583
595
625
682
685
724
709
676
796
718
748
715
718
784
769
763
784
796
790
721
850
826
829
1
14
16
17
31
47
64
68
70
71
58
83
109
122
142
134
148
146
154
149
196
188
166
191
208
239
241
206
211
236
271
275
277
233
274
290
307
293
313
359
373
389
352
356
358
377
382
380
424
410
403
413
427
398
424
464
475
512
481
497
478
464
529
521
445
542
550
563
583
602
535
560
631
608
637
638
634
659
676
671
664
692
625
686
685
743
700
710
706
677
793
734
790
755
769
740
856
815
736
845
1
15
18
27
27
36
45
63
72
81
81
108
90
126
117
126
144
126
135
135
171
171
198
207
189
189
225
243
216
216
252
243
252
261
261
315
297
324
324
351
324
360
360
378
369
369
378
378
414
387
405
432
414
441
423
468
459
441
504
495
513
495
459
558
504
576
540
621
558
477
576
576
585
639
612
621
603
630
639
675
666
702
630
756
684
711
729
774
747
783
702
738
792
774
801
819
765
765
801
828
1
7
13
10
7
22
28
25
31
28
43
49
37
52
58
64
52
58
73
79
76
82
97
85
73
97
112
91
133
121
118
115
103
127
142
157
136
115
130
136
142
148
136
169
175
163
187
175
136
178
184
217
196
220
217
214
211
181
241
211
199
205
256
208
232
247
262
268
202
244
259
265
271
277
292
262
277
319
298
322
265
271
313
292
307
295
364
325
277
364
298
322
310
361
376
364
370
376
355
370
1
8
10
26
28
35
37
53
64
71
64
62
82
107
118
134
118
134
118
134
127
188
154
188
208
197
208
242
244
260
253
215
244
278
289
278
271
305
343
287
352
341
343
341
361
386
370
413
397
431
433
431
397
467
451
404
460
503
478
557
478
566
496
503
550
575
505
593
514
575
613
638
613
548
649
638
649
692
658
656
640
665
667
746
640
701
703
683
739
764
784
782
775
773
712
764
784
863
856
764
1
9
18
27
45
45
45
36
54
99
81
108
99
90
108
135
144
126
144
153
180
162
198
189
216
171
216
234
207
279
216
243
279
270
306
270
270
261
360
396
315
369
369
351
405
414
405
414
405
441
468
450
387
477
468
423
468
486
504
522
540
504
513
513
522
540
540
603
540
585
540
549
558
594
684
675
666
594
630
657
756
657
648
702
738
747
702
729
738
738
765
720
720
819
810
738
783
693
810
810
1
10
19
28
37
37
46
64
64
91
100
109
82
127
118
136
136
163
154
163
163
181
217
181
181
217
217
235
280
244
271
307
253
271
271
316
271
334
280
325
289
325
370
334
379
370
460
424
388
415
397
406
451
424
433
496
478
451
487
496
460
469
523
496
505
505
550
550
568
541
568
658
595
604
640
568
658
640
712
631
613
649
676
730
748
721
694
757
730
703
694
748
775
820
775
820
820
784
847
865
1
11
22
17
52
32
46
38
76
71
106
95
109
110
112
134
115
158
154
164
175
188
196
203
217
182
229
197
241
212
244
281
292
287
322
302
298
308
355
350
331
311
343
362
328
386
331
383
433
479
499
431
448
455
460
434
463
467
421
500
487
497
526
548
583
563
559
569
544
647
583
581
658
578
607
620
682
698
712
713
616
692
700
617
775
686
688
710
736
788
748
776
778
809
763
806
802
776
832
818
1
12
18
27
27
45
63
72
45
99
81
72
90
126
108
99
144
171
144
171
162
180
189
207
171
207
216
234
207
225
207
270
261
297
288
279
333
288
315
351
297
342
351
378
369
369
378
405
387
441
441
423
423
414
423
459
459
531
504
495
522
531
504
531
531
558
522
576
603
648
657
603
576
621
558
639
630
630
630
648
612
666
711
729
738
792
801
702
756
792
711
783
765
810
747
756
756
783
837
837
1
13
25
37
31
43
73
67
70
91
103
124
100
121
106
100
148
151
172
130
133
181
166
196
190
229
214
253
247
268
280
238
304
280
283
250
307
328
331
370
355
349
361
373
403
379
391
385
388
382
430
424
418
466
424
481
475
451
499
502
487
526
556
595
571
592
550
607
574
523
580
637
622
697
619
694
652
601
685
625
691
685
724
700
739
778
817
739
742
844
766
778
763
748
805
835
829
814
853
856
1
14
25
26
22
47
46
59
70
80
85
110
118
122
124
134
130
155
181
158
187
206
175
209
181
212
241
260
256
227
244
275
277
287
292
290
334
329
331
332
355
344
370
374
394
377
427
407
424
410
439
467
463
452
451
428
466
485
535
479
469
554
502
530
553
542
532
599
610
602
562
533
622
617
610
584
652
722
658
599
673
728
697
731
703
743
736
656
706
776
847
851
817
809
688
866
856
869
826
881
1
15
18
27
27
54
45
72
54
81
90
81
90
117
126
117
153
153
153
189
189
180
189
180
198
225
216
207
243
252
234
279
243
306
270
288
306
315
351
324
324
342
378
351
378
387
387
396
495
414
414
387
432
450
423
396
495
504
477
513
513
522
522
540
558
540
594
531
576
603
648
567
567
594
585
621
621
630
639
630
657
693
693
711
729
747
783
756
792
765
819
729
810
837
864
774
783
792
864
891
1
16
13
28
34
49
46
70
67
91
88
112
82
106
121
136
115
148
154
205
184
172
214
184
190
232
247
244
214
265
226
286
283
298
295
265
316
304
328
325
349
364
316
385
436
397
394
391
415
448
427
406
475
454
523
493
463
442
502
472
514
520
508
532
538
544
559
592
571
550
565
634
685
583
598
694
628
652
613
745
670
649
682
679
775
763
670
811
700
742
748
754
760
784
772
832
838
907
850
955
1
8
10
8
19
26
19
26
37
35
37
62
64
71
46
62
73
80
82
80
82
89
109
89
109
125
100
107
118
107
118
125
127
107
118
125
145
143
145
152
172
170
172
188
181
170
190
215
172
215
235
233
217
215
199
251
190
242
244
251
244
278
289
242
253
242
262
269
253
296
280
323
289
296
334
287
316
323
325
341
361
323
334
305
307
377
352
323
307
386
361
359
361
350
415
359
379
404
379
368
1
9
18
18
27
45
54
72
63
81
90
90
117
117
90
99
144
153
162
153
153
162
198
171
198
153
216
207
270
234
234
279
279
288
288
306
315
306
333
324
297
378
360
342
378
360
414
405
360
387
468
450
414
432
432
513
486
495
522
468
477
531
522
540
540
540
567
576
585
603
621
621
720
612
603
693
702
711
657
621
639
693
684
720
693
738
765
756
747
774
837
792
774
810
909
837
783
864
864
828
1
10
19
28
28
46
37
73
73
73
82
109
118
118
109
154
136
127
145
172
172
181
145
199
208
208
226
244
208
244
298
262
280
271
280
325
307
253
343
343
343
316
415
388
388
370
370
451
397
460
460
451
433
505
478
550
451
487
478
550
559
541
469
505
523
523
577
577
640
487
649
667
649
622
622
676
712
631
685
640
631
703
757
811
730
694
739
793
784
766
775
784
802
820
775
820
874
865
937
865
1
11
31
35
34
41
55
65
49
71
79
104
82
110
121
125
160
122
163
173
157
188
187
212
163
200
238
215
196
239
316
254
274
278
268
293
325
281
328
323
376
374
415
389
355
341
412
401
397
416
418
458
439
473
442
497
553
512
466
527
514
497
535
557
511
590
541
542
499
521
601
689
604
659
634
593
691
644
676
677
697
728
709
707
730
677
724
755
763
761
730
713
796
773
853
797
883
839
733
854
1
12
18
27
45
36
45
63
81
81
99
90
81
108
108
126
117
126
162
171
198
207
225
171
225
243
225
261
252
279
216
288
297
306
288
288
351
297
342
342
351
351
369
396
396
405
378
450
432
414
477
450
441
423
504
522
486
486
504
558
549
576
504
540
585
513
594
639
639
585
603
585
648
711
612
657
612
657
702
684
738
801
720
711
747
765
756
738
756
747
756
765
819
765
810
828
846
900
819
837
1
13
16
19
22
34
55
58
61
64
85
97
82
103
124
109
139
115
136
157
169
154
166
205
226
202
232
217
238
232
316
247
277
235
319
304
316
319
340
352
328
358
352
337
340
388
373
439
451
409
466
442
472
421
442
490
511
460
454
493
559
517
484
568
526
610
586
553
637
559
607
637
577
598
592
649
688
646
649
679
664
712
679
736
748
706
718
757
751
718
748
814
763
775
841
871
928
859
844
847
1
14
25
26
31
38
46
68
79
71
85
92
127
86
115
107
148
191
163
149
205
188
202
155
190
212
205
260
220
263
262
266
295
287
319
317
343
338
286
350
382
335
361
347
367
413
382
443
406
455
421
503
436
407
478
473
430
521
472
524
523
572
538
539
508
587
568
608
565
611
643
578
595
599
601
647
697
650
631
689
655
701
715
686
757
716
772
728
796
722
802
824
835
827
859
830
847
851
844
800
1
15
27
27
45
45
36
81
54
72
90
99
99
117
108
117
126
135
162
171
153
171
198
207
207
270
270
261
252
261
234
270
261
279
333
306
315
351
324
378
333
351
414
378
396
396
387
423
396
468
414
423
432
468
459
504
531
477
531
495
504
594
531
540
522
540
558
603
603
666
639
630
612
639
621
639
657
693
756
675
657
675
639
747
792
765
711
765
729
765
819
801
738
819
801
783
801
819
873
882
1
16
22
28
52
49
55
79
76
91
70
112
91
115
121
127
160
157
127
160
175
199
223
148
226
223
211
226
250
274
235
286
283
280
286
319
316
340
310
352
367
355
388
367
382
379
412
445
406
448
472
424
439
499
433
475
499
487
502
481
604
538
580
568
574
589
532
610
661
604
574
616
613
673
652
658
628
670
712
682
661
775
628
724
739
754
733
766
745
760
847
763
814
847
844
814
901
862
850
847
1
17
19
35
28
53
64
62
73
71
91
107
82
107
118
161
145
152
163
197
199
224
190
215
208
233
208
206
226
251
235
314
298
278
244
350
334
341
307
332
352
368
379
413
325
377
415
404
415
413
478
431
415
494
433
476
532
548
523
530
559
539
568
575
586
593
577
503
568
566
577
647
658
611
667
701
667
665
676
674
703
719
757
764
775
728
712
719
838
773
775
809
883
809
793
845
793
800
802
953
1
9
9
18
18
27
18
45
27
45
45
45
54
63
72
63
63
99
81
90
90
90
90
108
117
144
117
108
90
126
99
153
144
117
153
144
162
171
153
153
153
198
162
171
198
216
171
198
198
225
153
252
216
234
207
216
270
243
234
279
234
306
279
234
279
297
288
297
288
306
306
306
315
351
306
333
333
360
324
333
297
342
378
387
360
342
342
387
378
378
360
360
414
351
405
396
360
459
387
414
1
10
19
28
46
28
55
55
55
82
73
118
109
118
91
154
127
118
154
190
154
199
208
172
208
217
199
271
217
271
289
262
289
289
316
289
307
361
352
361
361
370
370
361
397
379
469
415
388
397
415
415
451
442
505
505
532
487
505
523
523
586
559
550
568
604
541
568
577
640
640
613
640
667
631
595
649
649
703
667
667
685
757
748
703
757
721
793
784
811
748
856
784
775
820
820
865
865
847
865
1
11
22
44
43
41
37
65
67
80
79
122
118
110
112
125
169
122
181
155
211
215
187
230
217
218
202
251
232
266
253
263
301
278
277
293
307
344
346
359
331
374
361
389
409
404
421
446
433
452
409
440
448
464
451
488
472
476
547
509
559
596
526
557
547
536
550
605
571
611
601
644
595
677
643
674
709
626
739
695
760
737
718
734
766
812
823
782
781
752
784
830
805
827
862
842
847
884
823
908
1
12
27
27
27
63
63
54
72
81
99
99
117
135
135
117
99
144
171
216
153
180
189
198
225
198
216
252
252
225
270
297
270
270
315
351
288
360
297
360
378
351
432
378
324
414
423
387
378
432
450
486
477
495
486
522
513
486
522
549
513
522
567
495
567
576
612
576
585
594
594
657
666
630
666
657
657
693
702
684
675
729
774
711
765
792
783
801
846
801
783
846
846
774
837
864
819
909
846
882
1
13
25
28
49
34
73
76
79
82
94
97
100
139
115
154
157
178
118
184
160
226
193
196
199
220
232
226
247
250
280
283
268
307
337
322
298
310
376
325
346
295
325
283
403
424
409
412
397
436
448
514
499
547
523
463
475
469
526
502
541
526
538
586
634
574
586
616
610
694
625
682
640
706
700
667
688
700
685
760
682
766
724
799
847
769
799
802
814
817
820
787
799
802
868
781
793
841
970
910
1
14
16
35
31
56
55
77
61
80
112
110
109
104
151
134
148
137
163
149
169
197
193
236
217
248
241
233
229
299
280
284
295
296
319
353
325
293
331
350
337
344
334
374
385
395
463
461
415
464
475
458
463
533
460
563
502
494
553
623
577
545
592
602
535
614
595
608
565
665
625
596
559
644
691
701
670
668
730
707
745
782
760
758
793
806
736
800
832
848
883
860
871
872
832
911
928
878
826
872
1
15
18
36
45
54
81
63
90
90
90
90
117
117
117
135
135
189
144
162
189
189
180
207
189
243
279
234
279
252
279
270
270
324
342
360
288
333
351
315
333
369
378
360
432
369
423
432
432
432
531
495
450
504
450
486
486
522
558
558
567
549
549
576
549
558
594
540
621
612
648
603
639
675
666
603
639
648
693
747
729
702
747
756
792
711
792
846
729
792
810
810
765
828
864
819
927
945
855
918
1
16
22
28
43
49
55
70
85
73
97
76
100
124
130
145
151
157
172
187
193
217
205
229
190
250
256
217
241
202
253
304
283
307
304
301
343
295
355
388
340
409
388
403
409
406
376
427
397
421
436
442
448
454
451
547
463
487
547
517
523
502
517
523
592
607
622
628
625
568
601
643
640
664
661
667
736
625
748
727
697
748
655
751
748
781
778
820
718
832
856
790
769
856
835
868
883
853
877
847
1
17
19
26
37
53
64
62
73
89
100
98
109
107
127
107
163
152
145
179
199
179
190
224
190
251
262
251
253
251
244
305
307
323
298
287
316
341
343
332
316
377
379
386
388
377
406
431
433
431
424
503
514
494
505
494
514
503
505
530
514
539
514
602
532
593
586
593
577
557
622
629
613
620
649
692
712
683
703
674
748
755
712
701
730
746
712
755
757
818
820
800
856
863
829
881
856
899
811
881
1
18
18
36
36
54
45
72
72
90
72
108
117
144
153
153
144
180
144
207
198
207
207
225
225
225
216
270
234
297
234
306
297
297
270
315
324
369
342
333
378
405
360
414
387
441
378
405
414
414
432
414
450
495
432
531
486
531
486
558
567
576
549
567
612
567
603
639
657
657
648
621
612
612
693
684
657
765
711
720
630
783
747
729
810
693
729
747
792
765
792
837
810
828
864
972
846
855
855
936